struct LSFHDR { 28
    uint8_t  signature[4];  // 4 bytes // LSF
    uint32_t unknown1;      // 4 bytes
    uint32_t unknown2;      // 4 bytes
    uint32_t width;      // 4 bytes
    uint32_t height;      // 4 bytes
    uint32_t unknown_width;      // 4 bytes
    uint32_t unknown_height;      // 4 bytes
};


[4C 53 46 00] 02 00 00 00 00 00 09 00 [00 05 00 00]
[D0 02 00 00] [80 02 00 00] [68 01 00 00]


struct LSFENTRY { 164
    char     name[128];      // 128 bytes
    uint32_t x;      // 4 bytes
    uint32_t y;      // 4 bytes
    uint32_t baseWidth+Width;      // 4 bytes
    uint32_t baseHeight+Height;      // 4 bytes
    uint32_t unknown3;             // 4 bytes
    uint32_t unknown4;             // 4 bytes
    uint32_t properties;             // 4 bytes
        //uint8_t  type;        // 1 bytes // 00Base 0BFace? 15Face2? 0AEye 14Eye2 FFCensor 
        //uint8_t  id;        // 1 bytes
        //uint8_t  unknown5;        // 1 bytes //Layer? 可能决定一对多的关系？
        //uint8_t  unknown6;        // 1 bytes // FF
    uint32_t unknown7;             // 4 bytes
    uint32_t unknown8;             // 4 bytes
};

未能实现：
0B、15类型脸色、FF类型审查
00 ** 03基板

基板: 
[45 56 5F 41 30 31 5F 30 30 31 00 00 00 00 00 00
00 00 00 00 00 00 00 00 00 00 00 00 00 00 00 00
00 00 00 00 00 00 00 00 00 00 00 00 00 00 00 00
00 00 00 00 00 00 00 00 00 00 00 00 00 00 00 00
00 00 00 00 00 00 00 00 00 00 00 00 00 00 00 00
00 00 00 00 00 00 00 00 00 00 00 00 00 00 00 00
00 00 00 00 00 00 00 00 00 00 00 00 00 00 00 00
00 00 00 00 00 00 00 00 00 00 00 00 00 00 00 00]
00 00 00 00 00 00 00 00 [00 05 00 00] [D0 02 00 00]
00 00 00 00 00 00 00 00 [00 01 00 FF] 00 00 00 00
00 00 00 00

脸色：(需白色转透明+5%颜色容错)
[45 56 5F 41 30 31 5F 30 30 32 00 00 00 00 00 00
00 00 00 00 00 00 00 00 00 00 00 00 00 00 00 00
00 00 00 00 00 00 00 00 00 00 00 00 00 00 00 00
00 00 00 00 00 00 00 00 00 00 00 00 00 00 00 00
00 00 00 00 00 00 00 00 00 00 00 00 00 00 00 00
00 00 00 00 00 00 00 00 00 00 00 00 00 00 00 00
00 00 00 00 00 00 00 00 00 00 00 00 00 00 00 00
00 00 00 00 00 00 00 00 00 00 00 00 00 00 00 00]
[30 02 00 00] [95 00 00 00] [A5 02 00 00] [C8 00 00 00]
00 00 00 00 00 00 00 00 [0B 01 03 FF] 00 00 00 00
00 00 00 00

560,149
677,200

[45 56 5F 41 30 31 5F 30 30 33 00 00 00 00 00 00
00 00 00 00 00 00 00 00 00 00 00 00 00 00 00 00
00 00 00 00 00 00 00 00 00 00 00 00 00 00 00 00
00 00 00 00 00 00 00 00 00 00 00 00 00 00 00 00
00 00 00 00 00 00 00 00 00 00 00 00 00 00 00 00
00 00 00 00 00 00 00 00 00 00 00 00 00 00 00 00
00 00 00 00 00 00 00 00 00 00 00 00 00 00 00 00
00 00 00 00 00 00 00 00 00 00 00 00 00 00 00 00]
[30 02 00 00] [96 00 00 00] [A5 02 00 00] [CA 00 00 00]
00 00 00 00 00 00 00 00 [0B 02 03 FF] 00 00 00 00
00 00 00 00

560,150

[45 56 5F 41 30 31 5F 30 30 34 00 00 00 00 00 00
00 00 00 00 00 00 00 00 00 00 00 00 00 00 00 00
00 00 00 00 00 00 00 00 00 00 00 00 00 00 00 00
00 00 00 00 00 00 00 00 00 00 00 00 00 00 00 00
00 00 00 00 00 00 00 00 00 00 00 00 00 00 00 00
00 00 00 00 00 00 00 00 00 00 00 00 00 00 00 00
00 00 00 00 00 00 00 00 00 00 00 00 00 00 00 00
00 00 00 00 00 00 00 00 00 00 00 00 00 00 00 00]
[30 02 00 00] [8E 00 00 00] [A5 02 00 00] [CB 00 00 00]
00 00 00 00 00 00 00 00 [0B 03 03 FF] 00 00 00 00
00 00 00 00

560 142

不知道是什么玩意：（这个坐标都一样，遇到这种0B ** 00组合视为一个）
[45 56 5F 41 30 31 5F 30 30 35 00 00 00 00 00 00
00 00 00 00 00 00 00 00 00 00 00 00 00 00 00 00
00 00 00 00 00 00 00 00 00 00 00 00 00 00 00 00
00 00 00 00 00 00 00 00 00 00 00 00 00 00 00 00
00 00 00 00 00 00 00 00 00 00 00 00 00 00 00 00
00 00 00 00 00 00 00 00 00 00 00 00 00 00 00 00
00 00 00 00 00 00 00 00 00 00 00 00 00 00 00 00
00 00 00 00 00 00 00 00 00 00 00 00 00 00 00 00]
[3E 02 00 00] [A7 00 00 00] [9C 02 00 00] [B0 00 00 00]
00 00 00 00 00 00 00 00 [0B 01 00 FF] 00 00 00 00
00 00 00 00

574 167

45 56 5F 41 30 31 5F 30 30 35 00 00 00 00 00 00
00 00 00 00 00 00 00 00 00 00 00 00 00 00 00 00
00 00 00 00 00 00 00 00 00 00 00 00 00 00 00 00
00 00 00 00 00 00 00 00 00 00 00 00 00 00 00 00
00 00 00 00 00 00 00 00 00 00 00 00 00 00 00 00
00 00 00 00 00 00 00 00 00 00 00 00 00 00 00 00
00 00 00 00 00 00 00 00 00 00 00 00 00 00 00 00
00 00 00 00 00 00 00 00 00 00 00 00 00 00 00 00
3E 02 00 00 A7 00 00 00 9C 02 00 00 B0 00 00 00
00 00 00 00 00 00 00 00 0B 02 00 FF 00 00 00 00
00 00 00 00

眼睛：
[45 56 5F 41 30 31 5F 30 30 36 00 00 00 00 00 00
00 00 00 00 00 00 00 00 00 00 00 00 00 00 00 00
00 00 00 00 00 00 00 00 00 00 00 00 00 00 00 00
00 00 00 00 00 00 00 00 00 00 00 00 00 00 00 00
00 00 00 00 00 00 00 00 00 00 00 00 00 00 00 00
00 00 00 00 00 00 00 00 00 00 00 00 00 00 00 00
00 00 00 00 00 00 00 00 00 00 00 00 00 00 00 00
00 00 00 00 00 00 00 00 00 00 00 00 00 00 00 00]
[2F 02 00 00] [77 00 00 00] [A6 02 00 00] [CB 00 00 00]
00 00 00 00 00 00 00 00 [0A 01 00 FF] 00 00 00 00
00 00 00 00

559 119

[45 56 5F 41 30 31 5F 30 30 37 00 00 00 00 00 00
00 00 00 00 00 00 00 00 00 00 00 00 00 00 00 00
00 00 00 00 00 00 00 00 00 00 00 00 00 00 00 00
00 00 00 00 00 00 00 00 00 00 00 00 00 00 00 00
00 00 00 00 00 00 00 00 00 00 00 00 00 00 00 00
00 00 00 00 00 00 00 00 00 00 00 00 00 00 00 00
00 00 00 00 00 00 00 00 00 00 00 00 00 00 00 00
00 00 00 00 00 00 00 00 00 00 00 00 00 00 00 00]
[2F 02 00 00] [79 00 00 00] [A7 02 00 00] [CB 00 00 00]
00 00 00 00 00 00 00 00 [0A 02 00 FF] 00 00 00 00
00 00 00 00

559 121